3 0.8875 0.65 0.125 0.12265625
3 0.90546875 0.403125 0.08828125 0.10703125
3 0.84296875 0.4046875 0.06328125 0.08203125
3 0.784375 0.38828125 0.059375 0.11328125
3 0.72265625 0.38671875 0.08203125 0.11796875
3 0.6328125 0.39453125 0.0703125 0.10234375
3 0.5578125 0.378125 0.06171875 0.10703125
3 0.48671875 0.38515625 0.06796875 0.115625
3 0.4296875 0.41171875 0.08671875 0.090625
3 0.37734375 0.36328125 0.06328125 0.090625
3 0.3296875 0.3296875 0.06328125 0.07265625
3 0.21953125 0.3296875 0.10234375 0.090625
3 0.11796875 0.32265625 0.08203125 0.07265625
3 0.80078125 0.475 0.09296875 0.06328125
3 0.72265625 0.475 0.059375 0.06796875
3 0.68203125 0.490625 0.06796875 0.06796875
3 0.615625 0.4796875 0.03203125 0.0953125
3 0.40703125 0.4828125 0.059375 0.05703125
3 0.3125 0.4671875 0.04296875 0.0703125
3 0.25546875 0.4546875 0.04296875 0.090625
3 0.19765625 0.44296875 0.03203125 0.07265625
3 0.13671875 0.41796875 0.040625 0.08203125
