3 0.20078125 0.18359375 0.15 0.12421875
3 0.115625 0.50859375 0.12890625 0.15703125
3 0.83828125 0.771875 0.16171875 0.15
3 0.8421875 0.3859375 0.15 0.1125
3 0.73828125 0.2609375 0.09609375 0.13359375
3 0.621875 0.25 0.103125 0.09375
3 0.45390625 0.278125 0.1359375 0.1171875
3 0.34296875 0.29921875 0.10546875 0.13125
3 0.23359375 0.4078125 0.1171875 0.09609375
3 0.24921875 0.50546875 0.12421875 0.1125
3 0.275 0.6140625 0.13828125 0.09609375
3 0.36484375 0.82109375 0.0984375 0.1453125
3 0.4890625 0.82578125 0.1171875 0.1078125
3 0.41171875 0.6875 0.1265625 0.103125
3 0.49375 0.72265625 0.13125 0.0984375
3 0.42109375 0.46640625 0.084375 0.12890625
3 0.71484375 0.66328125 0.13359375 0.10078125
3 0.6359375 0.359375 0.13125 0.11015625
