3 0.98359375 0.63125 0.02578125 0.0375
3 0.93359375 0.63515625 0.0375 0.04453125
3 0.89140625 0.6375 0.0375 0.03984375
3 0.84921875 0.6359375 0.0328125 0.028125
3 0.80234375 0.63515625 0.028125 0.03515625
3 0.74140625 0.6328125 0.0421875 0.03515625
3 0.6703125 0.628125 0.03984375 0.04453125
3 0.6046875 0.6171875 0.04921875 0.0515625
3 0.53125 0.5921875 0.0375 0.0515625
3 0.46171875 0.58359375 0.03984375 0.04453125
3 0.4171875 0.56171875 0.03984375 0.0421875
3 0.29921875 0.50859375 0.028125 0.03515625
