0 0.41328125 0.215625 0.51875 0.121875
0 0.3234375 0.73125 0.490625 0.0953125
0 0.35859375 0.334375 0.45 0.0828125
0 0.5125 0.303125 0.5421875 0.121875
0 0.27265625 0.43671875 0.409375 0.0671875
0 0.47578125 0.42890625 0.503125 0.10625
0 0.67109375 0.4390625 0.621875 0.153125
0 0.25859375 0.49609375 0.45 0.05625
0 0.3296875 0.52734375 0.421875 0.046875
0 0.2640625 0.571875 0.3671875 0.0578125
0 0.55703125 0.5625 0.64375 0.14375
0 0.225 0.6484375 0.290625 0.0640625
0 0.40390625 0.64453125 0.46875 0.1
0 0.584375 0.7078125 0.5078125 0.1234375
