3 0.4890625 0.34921875 0.12109375 0.1984375
3 0.6625 0.146875 0.11328125 0.175
3 0.40390625 0.0515625 0.0796875 0.103125
3 0.2515625 0.15234375 0.0609375 0.14140625
3 0.1046875 0.22890625 0.11796875 0.1796875
3 0.5640625 0.5234375 0.0984375 0.09140625
3 0.78828125 0.3765625 0.13515625 0.1796875
3 0.85 0.60703125 0.1 0.21171875
3 0.6453125 0.72890625 0.1390625 0.13203125
3 0.6609375 0.88671875 0.11484375 0.19375
3 0.3765625 0.8484375 0.11953125 0.20234375
3 0.18984375 0.6328125 0.12265625 0.13203125
3 0.80703125 0.18671875 0.12890625 0.1640625
3 0.928125 0.37890625 0.13203125 0.184375
3 0.9375 0.77421875 0.0890625 0.2046875
3 0.14921875 0.4734375 0.13203125 0.1734375
3 0.26953125 0.45625 0.11171875 0.16171875
3 0.15078125 0.84375 0.16171875 0.1890625
3 0.546875 0.86328125 0.07890625 0.2046875
3 0.6609375 0.6125 0.1421875 0.1
