3 0.73671875 0.284375 0.084375 0.14296875
3 0.63515625 0.48203125 0.11953125 0.121875
3 0.5453125 0.51484375 0.13125 0.103125
3 0.08984375 0.5359375 0.15234375 0.1265625
3 0.33828125 0.25625 0.09609375 0.14765625
3 0.57578125 0.32734375 0.1078125 0.1359375
3 0.278125 0.68671875 0.159375 0.14296875
3 0.6796875 0.6609375 0.10078125 0.12421875
3 0.5453125 0.75546875 0.140625 0.103125
3 0.38515625 0.5390625 0.15703125 0.09609375
3 0.4234375 0.30546875 0.1078125 0.17578125
3 0.68046875 0.38984375 0.0984375 0.13828125
