3 0.0640625 0.43359375 0.09765625 0.08359375
3 0.265625 0.521875 0.0828125 0.0703125
3 0.325 0.446875 0.0859375 0.0609375
3 0.3203125 0.54375 0.06953125 0.07734375
3 0.3375 0.4984375 0.075 0.06328125
3 0.271875 0.42421875 0.08984375 0.065625
3 0.08828125 0.50078125 0.09296875 0.0859375
3 0.078125 0.615625 0.0828125 0.11328125
3 0.14609375 0.62734375 0.05625 0.090625
3 0.21875 0.65234375 0.04296875 0.0546875
3 0.24921875 0.6875 0.03671875 0.07890625
3 0.0625 0.78671875 0.08828125 0.075
3 0.10625 0.71640625 0.0859375 0.0703125
3 0.01875 0.78828125 0.0375 0.1203125
3 0.37109375 0.1390625 0.078125 0.09765625
3 0.34140625 0.18984375 0.075 0.06328125
3 0.1921875 0.2390625 0.07265625 0.09765625
3 0.3125 0.2421875 0.09453125 0.0546875
3 0.3375 0.3484375 0.075 0.08125
