3 0.3203125 0.3578125 0.06875 0.08125
3 0.38984375 0.325 0.07109375 0.0859375
3 0.46328125 0.2578125 0.10078125 0.0671875
3 0.853125 0.40859375 0.11875 0.0671875
3 0.6296875 0.20390625 0.1375 0.09296875
3 0.7171875 0.39375 0.06875 0.06015625
3 0.43125 0.6203125 0.1109375 0.08359375
3 0.57265625 0.603125 0.103125 0.0765625
3 0.65234375 0.5390625 0.103125 0.07890625
3 0.71328125 0.509375 0.12421875 0.096875
3 0.83203125 0.48125 0.15078125 0.06015625
3 0.51328125 0.36484375 0.0953125 0.0765625
3 0.6140625 0.3078125 0.121875 0.07421875
3 0.46015625 0.4234375 0.08984375 0.07890625
3 0.34375 0.459375 0.1109375 0.09453125
