3 0.89296875 0.253125 0.14296875 0.15390625
3 0.778125 0.6765625 0.11796875 0.0890625
3 0.609375 0.69765625 0.125 0.09609375
3 0.09921875 0.6125 0.13203125 0.08671875
3 0.21640625 0.42265625 0.10703125 0.06015625
3 0.28359375 0.4875 0.08515625 0.08671875
3 0.14375 0.49296875 0.11796875 0.08046875
3 0.16484375 0.53828125 0.10703125 0.0671875
3 0.453125 0.43828125 0.125 0.05546875
3 0.45 0.49765625 0.09609375 0.0578125
3 0.35078125 0.6171875 0.10703125 0.06484375
3 0.4953125 0.59296875 0.10703125 0.05546875
3 0.5515625 0.53203125 0.13828125 0.06953125
3 0.67734375 0.5625 0.09609375 0.0578125
3 0.640625 0.63203125 0.1296875 0.09375
