3 0.54765625 0.7765625 0.07421875 0.0953125
3 0.66875 0.57734375 0.07109375 0.0890625
3 0.64140625 0.4578125 0.06796875 0.07265625
3 0.59453125 0.38359375 0.053125 0.09296875
3 0.4046875 0.4828125 0.0609375 0.06796875
3 0.44921875 0.28203125 0.046875 0.09140625
3 0.2625 0.425 0.08046875 0.11171875
3 0.6734375 0.34609375 0.06171875 0.09140625
3 0.553125 0.58515625 0.0484375 0.0953125
3 0.5421875 0.6921875 0.06640625 0.07265625
3 0.45859375 0.39765625 0.04375 0.084375
3 0.35078125 0.51015625 0.05 0.09140625
3 0.40078125 0.5578125 0.06796875 0.06796875
3 0.39296875 0.61796875 0.05625 0.0703125
3 0.28984375 0.5921875 0.05 0.0640625
3 0.25390625 0.69765625 0.046875 0.10703125
3 0.47578125 0.6578125 0.0546875 0.1
3 0.5453125 0.4859375 0.0453125 0.084375
3 0.60546875 0.49765625 0.053125 0.084375
3 0.6296875 0.60234375 0.059375 0.10703125
