0 0.784375 0.41328125 0.121875 0.51875
0 0.26875 0.3234375 0.0953125 0.490625
0 0.665625 0.35859375 0.0828125 0.45
0 0.696875 0.5125 0.121875 0.5421875
0 0.56328125 0.27265625 0.0671875 0.409375
0 0.57109375 0.47578125 0.10625 0.503125
0 0.5609375 0.67109375 0.1546875 0.621875
0 0.50390625 0.25859375 0.05625 0.45
0 0.47265625 0.3296875 0.0484375 0.421875
0 0.428125 0.2640625 0.0578125 0.3671875
0 0.4375 0.55703125 0.14375 0.64375
0 0.3515625 0.225 0.0640625 0.290625
0 0.35546875 0.40390625 0.1 0.46875
0 0.2921875 0.584375 0.1234375 0.5078125
