3 0.29921875 0.07734375 0.08046875 0.11875
3 0.321875 0.259375 0.0921875 0.1046875
3 0.59453125 0.3140625 0.11328125 0.14609375
3 0.8890625 0.2734375 0.07578125 0.13671875
3 0.29453125 0.575 0.0921875 0.16640625
3 0.375 0.48046875 0.0890625 0.12734375
3 0.3671875 0.315625 0.1078125 0.1390625
3 0.5359375 0.490625 0.13828125 0.11171875
3 0.72734375 0.48984375 0.12421875 0.1546875
3 0.9484375 0.440625 0.103125 0.1296875
3 0.965625 0.21328125 0.06875 0.0875
3 0.40546875 0.62578125 0.1109375 0.19609375
3 0.47734375 0.5875 0.103125 0.1734375
3 0.590625 0.5609375 0.13671875 0.16640625
3 0.84453125 0.48828125 0.15625 0.14765625
3 0.8734375 0.38828125 0.12578125 0.10234375
